22.1335927 113.5465778 0
22.1330354 113.5465871 0
22.1328981 113.5466701 0
22.1328376 113.5467393 0
22.1327607 113.5467808 0
22.1326563 113.5468026 0
22.1325867 113.5467986 0
22.1325373 113.5467749 0
22.1324841 113.5467433 0
22.1324017 113.5466681 0
22.132279 113.5466029 0
22.1322534 113.5466016 0
22.1321091 113.5466031 0
22.1318157 113.546597 0
22.1315592 113.5466009 0
22.1314017 113.5466108 0
22.131112 113.5466649 0
22.1314017 113.5466108 0
22.1315592 113.5466009 0
22.1318157 113.546597 0
22.1321091 113.5466031 0
22.1321082 113.5466691 0
22.1321133 113.546745 0
22.1321246 113.5468101 0
22.1321581 113.5468904 0
22.1322486 113.5470186 0
22.1323213 113.5470878 0
22.1322405 113.5470786 0
22.1321607 113.5470788 0
22.1320911 113.5470881 0
22.1320547 113.5471002 0
22.1320189 113.5471122 0
22.1319238 113.5471313 0
22.1318382 113.5471353 0
22.1317216 113.5471269 0
22.1316134 113.5471175 0
22.1315186 113.5470998 0
22.1313813 113.5470594 0
22.1313301 113.5470469 0
22.1312559 113.5470393 0
22.1310992 113.5470312 0
22.130986 113.5470262 0
22.1310225 113.5469532 0
22.1310714 113.5468455 0
22.1311006 113.546762 0
22.1311101 113.5467078 0
22.131112 113.5466649 0
22.1310116 113.546682 0
22.1308358 113.5467393 0
22.1306357 113.5467971 0
22.1305373 113.5468342 0
22.1304201 113.5468955 0
22.1302772 113.5469272 0
22.1301124 113.5469548 0
22.1300407 113.5469909 0
22.130149 113.5470069 0
22.1303029 113.5470161 0
22.130519 113.5470217 0
22.1307416 113.5470196 0
22.1307933 113.5470208 0
22.1308763 113.5470222 0
22.1309036 113.5470244 0
22.130986 113.5470262 0
22.1310992 113.5470312 0
22.1311913 113.5469623 0
22.1313166 113.5468933 0
22.1314268 113.5468473 0
22.1315047 113.5468175 0
22.1315555 113.546798 0
22.1316212 113.5467842 0
22.1316757 113.5467786 0
22.1317432 113.5467875 0
22.1318268 113.5468121 0
22.1319059 113.5468385 0
22.1319895 113.5468711 0
22.1320458 113.5468998 0
22.1321159 113.5469387 0
22.1322486 113.5470186 0
22.1323213 113.5470878 0
22.1324281 113.547138 0
22.1325392 113.547162 0
22.1326341 113.5471739 0
22.1327273 113.5471702 0
22.1328422 113.5471557 0
22.1329242 113.5471355 0
22.1330175 113.5470951 0
22.1331113 113.5470492 0
22.1331882 113.5469988 0
22.1332735 113.5469355 0
22.1333263 113.5468824 0
22.1335927 113.5465778 0
